-8 -7.8 0
-7.8 -7.6 0
-7.6 -7.4 0
-7.4 -7.2 0
-7.2 -7 1
-7 -6.8 0
-6.8 -6.6 2
-6.6 -6.4 0
-6.4 -6.2 0
-6.2 -6 0
-6 -5.8 0
-5.8 -5.6 1
-5.6 -5.4 0
-5.4 -5.2 0
-5.2 -5 5
-5 -4.8 0
-4.8 -4.6 1
-4.6 -4.4 0
-4.4 -4.2 3
-4.2 -4 3
-4 -3.8 1
-3.8 -3.6 3
-3.6 -3.4 4
-3.4 -3.2 3
-3.2 -3 4
-3 -2.8 2
-2.8 -2.6 4
-2.6 -2.4 2
-2.4 -2.2 3
-2.2 -2 12
-2 -1.8 5
-1.8 -1.6 12
-1.6 -1.4 15
-1.4 -1.2 18
-1.2 -1 26
-1 -0.8 50
-0.8 -0.6 73
-0.6 -0.4 149
-0.4 -0.2 243
-0.2 0 333
0 0.2 463
0.2 0.4 541
0.4 0.6 662
0.6 0.8 1105
0.8 1 2284
1 1.2 2153
1.2 1.4 691
1.4 1.6 313
1.6 1.8 238
1.8 2 237
2 2.2 203
2.2 2.4 167
2.4 2.6 119
2.6 2.8 111
2.8 3 113
3 3.2 93
3.2 3.4 64
3.4 3.6 77
3.6 3.8 43
3.8 4 34
4 4.2 42
4.2 4.4 25
4.4 4.6 15
4.6 4.8 17
4.8 5 18
5 5.2 10
5.2 5.4 7
5.4 5.6 9
5.6 5.8 7
5.8 6 6
6 6.2 3
6.2 6.4 2
6.4 6.6 5
6.6 6.8 3
6.8 7 0
7 7.2 1
7.2 7.4 0
7.4 7.6 2
7.6 7.8 2
7.8 8 2
