-8 -7.8 0
-7.8 -7.6 0
-7.6 -7.4 0
-7.4 -7.2 0
-7.2 -7 0
-7 -6.8 0
-6.8 -6.6 1
-6.6 -6.4 0
-6.4 -6.2 0
-6.2 -6 0
-6 -5.8 0
-5.8 -5.6 0
-5.6 -5.4 0
-5.4 -5.2 0
-5.2 -5 0
-5 -4.8 0
-4.8 -4.6 0
-4.6 -4.4 1
-4.4 -4.2 0
-4.2 -4 0
-4 -3.8 0
-3.8 -3.6 0
-3.6 -3.4 0
-3.4 -3.2 1
-3.2 -3 1
-3 -2.8 1
-2.8 -2.6 1
-2.6 -2.4 1
-2.4 -2.2 2
-2.2 -2 2
-2 -1.8 1
-1.8 -1.6 4
-1.6 -1.4 4
-1.4 -1.2 3
-1.2 -1 8
-1 -0.8 5
-0.8 -0.6 4
-0.6 -0.4 15
-0.4 -0.2 19
-0.2 0 34
0 0.2 36
0.2 0.4 63
0.4 0.6 142
0.6 0.8 300
0.8 1 855
1 1.2 1037
1.2 1.4 572
1.4 1.6 378
1.6 1.8 216
1.8 2 130
2 2.2 83
2.2 2.4 40
2.4 2.6 35
2.6 2.8 30
2.8 3 12
3 3.2 12
3.2 3.4 8
3.4 3.6 11
3.6 3.8 6
3.8 4 2
4 4.2 3
4.2 4.4 5
4.4 4.6 3
4.6 4.8 1
4.8 5 0
5 5.2 2
5.2 5.4 1
5.4 5.6 0
5.6 5.8 0
5.8 6 0
6 6.2 1
6.2 6.4 0
6.4 6.6 0
6.6 6.8 0
6.8 7 0
7 7.2 0
7.2 7.4 0
7.4 7.6 0
7.6 7.8 0
7.8 8 0
