-8 -7.8 0
-7.8 -7.6 0
-7.6 -7.4 0
-7.4 -7.2 0
-7.2 -7 0
-7 -6.8 0
-6.8 -6.6 0
-6.6 -6.4 0
-6.4 -6.2 0
-6.2 -6 0
-6 -5.8 0
-5.8 -5.6 0
-5.6 -5.4 0
-5.4 -5.2 0
-5.2 -5 0
-5 -4.8 0
-4.8 -4.6 0
-4.6 -4.4 1
-4.4 -4.2 0
-4.2 -4 1
-4 -3.8 0
-3.8 -3.6 0
-3.6 -3.4 0
-3.4 -3.2 0
-3.2 -3 0
-3 -2.8 3
-2.8 -2.6 0
-2.6 -2.4 3
-2.4 -2.2 2
-2.2 -2 0
-2 -1.8 1
-1.8 -1.6 1
-1.6 -1.4 2
-1.4 -1.2 1
-1.2 -1 2
-1 -0.8 2
-0.8 -0.6 6
-0.6 -0.4 3
-0.4 -0.2 5
-0.2 0 3
0 0.2 11
0.2 0.4 14
0.4 0.6 12
0.6 0.8 14
0.8 1 12
1 1.2 16
1.2 1.4 18
1.4 1.6 33
1.6 1.8 50
1.8 2 97
2 2.2 195
2.2 2.4 383
2.4 2.6 551
2.6 2.8 383
2.8 3 304
3 3.2 222
3.2 3.4 160
3.4 3.6 117
3.6 3.8 84
3.8 4 70
4 4.2 61
4.2 4.4 55
4.4 4.6 36
4.6 4.8 43
4.8 5 27
5 5.2 29
5.2 5.4 22
5.4 5.6 18
5.6 5.8 10
5.8 6 7
6 6.2 5
6.2 6.4 7
6.4 6.6 5
6.6 6.8 4
6.8 7 1
7 7.2 1
7.2 7.4 1
7.4 7.6 0
7.6 7.8 0
7.8 8 0
