-8 -7.8 0
-7.8 -7.6 0
-7.6 -7.4 0
-7.4 -7.2 2
-7.2 -7 2
-7 -6.8 2
-6.8 -6.6 3
-6.6 -6.4 2
-6.4 -6.2 6
-6.2 -6 4
-6 -5.8 7
-5.8 -5.6 12
-5.6 -5.4 18
-5.4 -5.2 18
-5.2 -5 15
-5 -4.8 21
-4.8 -4.6 42
-4.6 -4.4 45
-4.4 -4.2 63
-4.2 -4 71
-4 -3.8 93
-3.8 -3.6 126
-3.6 -3.4 167
-3.4 -3.2 235
-3.2 -3 288
-3 -2.8 406
-2.8 -2.6 530
-2.6 -2.4 454
-2.4 -2.2 200
-2.2 -2 86
-2 -1.8 48
-1.8 -1.6 38
-1.6 -1.4 12
-1.4 -1.2 16
-1.2 -1 14
-1 -0.8 10
-0.8 -0.6 11
-0.6 -0.4 8
-0.4 -0.2 6
-0.2 0 3
0 0.2 5
0.2 0.4 5
0.4 0.6 5
0.6 0.8 7
0.8 1 3
1 1.2 2
1.2 1.4 4
1.4 1.6 4
1.6 1.8 0
1.8 2 3
2 2.2 1
2.2 2.4 3
2.4 2.6 1
2.6 2.8 4
2.8 3 2
3 3.2 0
3.2 3.4 1
3.4 3.6 0
3.6 3.8 0
3.8 4 0
4 4.2 0
4.2 4.4 1
4.4 4.6 0
4.6 4.8 0
4.8 5 0
5 5.2 1
5.2 5.4 1
5.4 5.6 1
5.6 5.8 0
5.8 6 0
6 6.2 0
6.2 6.4 0
6.4 6.6 1
6.6 6.8 0
6.8 7 0
7 7.2 0
7.2 7.4 0
7.4 7.6 0
7.6 7.8 0
7.8 8 0
