-8 -7.8 3
-7.8 -7.6 3
-7.6 -7.4 3
-7.4 -7.2 1
-7.2 -7 9
-7 -6.8 16
-6.8 -6.6 12
-6.6 -6.4 23
-6.4 -6.2 20
-6.2 -6 32
-6 -5.8 39
-5.8 -5.6 46
-5.6 -5.4 58
-5.4 -5.2 68
-5.2 -5 76
-5 -4.8 120
-4.8 -4.6 133
-4.6 -4.4 160
-4.4 -4.2 207
-4.2 -4 282
-4 -3.8 368
-3.8 -3.6 289
-3.6 -3.4 208
-3.4 -3.2 105
-3.2 -3 64
-3 -2.8 42
-2.8 -2.6 28
-2.6 -2.4 20
-2.4 -2.2 16
-2.2 -2 14
-2 -1.8 10
-1.8 -1.6 10
-1.6 -1.4 8
-1.4 -1.2 12
-1.2 -1 7
-1 -0.8 6
-0.8 -0.6 9
-0.6 -0.4 7
-0.4 -0.2 7
-0.2 0 3
0 0.2 8
0.2 0.4 7
0.4 0.6 5
0.6 0.8 8
0.8 1 4
1 1.2 3
1.2 1.4 3
1.4 1.6 2
1.6 1.8 1
1.8 2 3
2 2.2 0
2.2 2.4 6
2.4 2.6 2
2.6 2.8 1
2.8 3 1
3 3.2 2
3.2 3.4 2
3.4 3.6 0
3.6 3.8 1
3.8 4 1
4 4.2 1
4.2 4.4 1
4.4 4.6 0
4.6 4.8 0
4.8 5 0
5 5.2 1
5.2 5.4 0
5.4 5.6 1
5.6 5.8 0
5.8 6 0
6 6.2 0
6.2 6.4 0
6.4 6.6 0
6.6 6.8 0
6.8 7 0
7 7.2 0
7.2 7.4 0
7.4 7.6 0
7.6 7.8 0
7.8 8 0
