-8 -7.8 0
-7.8 -7.6 0
-7.6 -7.4 0
-7.4 -7.2 0
-7.2 -7 0
-7 -6.8 1
-6.8 -6.6 0
-6.6 -6.4 0
-6.4 -6.2 0
-6.2 -6 0
-6 -5.8 0
-5.8 -5.6 0
-5.6 -5.4 1
-5.4 -5.2 0
-5.2 -5 0
-5 -4.8 0
-4.8 -4.6 0
-4.6 -4.4 0
-4.4 -4.2 0
-4.2 -4 0
-4 -3.8 2
-3.8 -3.6 0
-3.6 -3.4 0
-3.4 -3.2 1
-3.2 -3 0
-3 -2.8 0
-2.8 -2.6 0
-2.6 -2.4 0
-2.4 -2.2 0
-2.2 -2 1
-2 -1.8 2
-1.8 -1.6 0
-1.6 -1.4 2
-1.4 -1.2 2
-1.2 -1 1
-1 -0.8 5
-0.8 -0.6 4
-0.6 -0.4 4
-0.4 -0.2 8
-0.2 0 9
0 0.2 5
0.2 0.4 10
0.4 0.6 7
0.6 0.8 3
0.8 1 8
1 1.2 3
1.2 1.4 4
1.4 1.6 17
1.6 1.8 12
1.8 2 20
2 2.2 18
2.2 2.4 20
2.4 2.6 27
2.6 2.8 39
2.8 3 59
3 3.2 93
3.2 3.4 154
3.4 3.6 252
3.6 3.8 292
3.8 4 250
4 4.2 203
4.2 4.4 151
4.4 4.6 130
4.6 4.8 102
4.8 5 85
5 5.2 75
5.2 5.4 53
5.4 5.6 32
5.6 5.8 45
5.8 6 36
6 6.2 17
6.2 6.4 20
6.4 6.6 10
6.6 6.8 12
6.8 7 6
7 7.2 5
7.2 7.4 4
7.4 7.6 3
7.6 7.8 1
7.8 8 2
