-8 -7.8 0
-7.8 -7.6 1
-7.6 -7.4 1
-7.4 -7.2 1
-7.2 -7 0
-7 -6.8 4
-6.8 -6.6 10
-6.6 -6.4 0
-6.4 -6.2 0
-6.2 -6 0
-6 -5.8 0
-5.8 -5.6 15
-5.6 -5.4 0
-5.4 -5.2 0
-5.2 -5 25
-5 -4.8 0
-4.8 -4.6 39
-4.6 -4.4 0
-4.4 -4.2 44
-4.2 -4 50
-4 -3.8 34
-3.8 -3.6 55
-3.6 -3.4 60
-3.4 -3.2 44
-3.2 -3 84
-3 -2.8 117
-2.8 -2.6 88
-2.6 -2.4 124
-2.4 -2.2 157
-2.2 -2 168
-2 -1.8 205
-1.8 -1.6 200
-1.6 -1.4 298
-1.4 -1.2 752
-1.2 -1 2436
-1 -0.8 2237
-0.8 -0.6 806
-0.6 -0.4 591
-0.4 -0.2 554
-0.2 0 402
0 0.2 299
0.2 0.4 176
0.4 0.6 112
0.6 0.8 76
0.8 1 39
1 1.2 29
1.2 1.4 23
1.4 1.6 9
1.6 1.8 11
1.8 2 12
2 2.2 13
2.2 2.4 11
2.4 2.6 5
2.6 2.8 6
2.8 3 6
3 3.2 6
3.2 3.4 4
3.4 3.6 3
3.6 3.8 2
3.8 4 2
4 4.2 0
4.2 4.4 2
4.4 4.6 2
4.6 4.8 1
4.8 5 1
5 5.2 2
5.2 5.4 1
5.4 5.6 0
5.6 5.8 0
5.8 6 0
6 6.2 3
6.2 6.4 0
6.4 6.6 2
6.6 6.8 0
6.8 7 0
7 7.2 2
7.2 7.4 0
7.4 7.6 0
7.6 7.8 0
7.8 8 0
