-8 -7.8 0
-7.8 -7.6 0
-7.6 -7.4 0
-7.4 -7.2 0
-7.2 -7 1
-7 -6.8 1
-6.8 -6.6 0
-6.6 -6.4 0
-6.4 -6.2 0
-6.2 -6 0
-6 -5.8 0
-5.8 -5.6 2
-5.6 -5.4 0
-5.4 -5.2 0
-5.2 -5 7
-5 -4.8 0
-4.8 -4.6 4
-4.6 -4.4 0
-4.4 -4.2 6
-4.2 -4 5
-4 -3.8 8
-3.8 -3.6 4
-3.6 -3.4 4
-3.4 -3.2 5
-3.2 -3 4
-3 -2.8 7
-2.8 -2.6 10
-2.6 -2.4 7
-2.4 -2.2 11
-2.2 -2 22
-2 -1.8 27
-1.8 -1.6 39
-1.6 -1.4 68
-1.4 -1.2 99
-1.2 -1 135
-1 -0.8 251
-0.8 -0.6 208
-0.6 -0.4 278
-0.4 -0.2 603
-0.2 0 2397
0 0.2 3067
0.2 0.4 638
0.4 0.6 277
0.6 0.8 220
0.8 1 217
1 1.2 159
1.2 1.4 110
1.4 1.6 81
1.6 1.8 60
1.8 2 33
2 2.2 26
2.2 2.4 18
2.4 2.6 21
2.6 2.8 13
2.8 3 14
3 3.2 6
3.2 3.4 5
3.4 3.6 7
3.6 3.8 7
3.8 4 2
4 4.2 2
4.2 4.4 3
4.4 4.6 1
4.6 4.8 5
4.8 5 2
5 5.2 0
5.2 5.4 3
5.4 5.6 0
5.6 5.8 1
5.8 6 0
6 6.2 1
6.2 6.4 1
6.4 6.6 1
6.6 6.8 1
6.8 7 0
7 7.2 0
7.2 7.4 0
7.4 7.6 1
7.6 7.8 0
7.8 8 0
