-8 -7.8 1
-7.8 -7.6 0
-7.6 -7.4 1
-7.4 -7.2 0
-7.2 -7 0
-7 -6.8 1
-6.8 -6.6 1
-6.6 -6.4 0
-6.4 -6.2 0
-6.2 -6 0
-6 -5.8 0
-5.8 -5.6 2
-5.6 -5.4 0
-5.4 -5.2 0
-5.2 -5 1
-5 -4.8 0
-4.8 -4.6 0
-4.6 -4.4 0
-4.4 -4.2 4
-4.2 -4 2
-4 -3.8 3
-3.8 -3.6 2
-3.6 -3.4 1
-3.4 -3.2 3
-3.2 -3 8
-3 -2.8 6
-2.8 -2.6 4
-2.6 -2.4 6
-2.4 -2.2 5
-2.2 -2 16
-2 -1.8 7
-1.8 -1.6 11
-1.6 -1.4 13
-1.4 -1.2 19
-1.2 -1 16
-1 -0.8 33
-0.8 -0.6 28
-0.6 -0.4 42
-0.4 -0.2 64
-0.2 0 58
0 0.2 79
0.2 0.4 90
0.4 0.6 128
0.6 0.8 131
0.8 1 174
1 1.2 254
1.2 1.4 331
1.4 1.6 417
1.6 1.8 484
1.8 2 569
2 2.2 762
2.2 2.4 1271
2.4 2.6 1146
2.6 2.8 479
2.8 3 237
3 3.2 244
3.2 3.4 228
3.4 3.6 237
3.6 3.8 216
3.8 4 192
4 4.2 225
4.2 4.4 201
4.4 4.6 204
4.6 4.8 191
4.8 5 176
5 5.2 162
5.2 5.4 148
5.4 5.6 142
5.6 5.8 126
5.8 6 103
6 6.2 80
6.2 6.4 67
6.4 6.6 42
6.6 6.8 30
6.8 7 36
7 7.2 31
7.2 7.4 20
7.4 7.6 17
7.6 7.8 17
7.8 8 12
