-8 -7.8 0
-7.8 -7.6 0
-7.6 -7.4 0
-7.4 -7.2 0
-7.2 -7 0
-7 -6.8 0
-6.8 -6.6 0
-6.6 -6.4 0
-6.4 -6.2 0
-6.2 -6 0
-6 -5.8 0
-5.8 -5.6 0
-5.6 -5.4 0
-5.4 -5.2 0
-5.2 -5 1
-5 -4.8 0
-4.8 -4.6 0
-4.6 -4.4 0
-4.4 -4.2 2
-4.2 -4 0
-4 -3.8 2
-3.8 -3.6 2
-3.6 -3.4 1
-3.4 -3.2 3
-3.2 -3 6
-3 -2.8 5
-2.8 -2.6 6
-2.6 -2.4 5
-2.4 -2.2 5
-2.2 -2 8
-2 -1.8 16
-1.8 -1.6 13
-1.6 -1.4 18
-1.4 -1.2 24
-1.2 -1 16
-1 -0.8 30
-0.8 -0.6 27
-0.6 -0.4 47
-0.4 -0.2 54
-0.2 0 75
0 0.2 88
0.2 0.4 95
0.4 0.6 96
0.6 0.8 114
0.8 1 119
1 1.2 129
1.2 1.4 133
1.4 1.6 161
1.6 1.8 158
1.8 2 164
2 2.2 193
2.2 2.4 217
2.4 2.6 270
2.6 2.8 297
2.8 3 389
3 3.2 514
3.2 3.4 718
3.4 3.6 976
3.6 3.8 912
3.8 4 580
4 4.2 358
4.2 4.4 296
4.4 4.6 218
4.6 4.8 183
4.8 5 162
5 5.2 117
5.2 5.4 95
5.4 5.6 92
5.6 5.8 83
5.8 6 56
6 6.2 34
6.2 6.4 43
6.4 6.6 25
6.6 6.8 15
6.8 7 14
7 7.2 9
7.2 7.4 8
7.4 7.6 6
7.6 7.8 3
7.8 8 3
