-8 -7.8 0
-7.8 -7.6 0
-7.6 -7.4 0
-7.4 -7.2 0
-7.2 -7 0
-7 -6.8 0
-6.8 -6.6 0
-6.6 -6.4 0
-6.4 -6.2 0
-6.2 -6 0
-6 -5.8 0
-5.8 -5.6 0
-5.6 -5.4 0
-5.4 -5.2 0
-5.2 -5 0
-5 -4.8 0
-4.8 -4.6 0
-4.6 -4.4 0
-4.4 -4.2 0
-4.2 -4 0
-4 -3.8 0
-3.8 -3.6 0
-3.6 -3.4 0
-3.4 -3.2 0
-3.2 -3 0
-3 -2.8 0
-2.8 -2.6 0
-2.6 -2.4 0
-2.4 -2.2 1
-2.2 -2 1
-2 -1.8 2
-1.8 -1.6 12
-1.6 -1.4 55
-1.4 -1.2 423
-1.2 -1 1394
-1 -0.8 392
-0.8 -0.6 94
-0.6 -0.4 37
-0.4 -0.2 14
-0.2 0 6
0 0.2 4
0.2 0.4 4
0.4 0.6 0
0.6 0.8 3
0.8 1 2
1 1.2 1
1.2 1.4 1
1.4 1.6 0
1.6 1.8 0
1.8 2 0
2 2.2 0
2.2 2.4 1
2.4 2.6 0
2.6 2.8 0
2.8 3 0
3 3.2 0
3.2 3.4 0
3.4 3.6 0
3.6 3.8 0
3.8 4 0
4 4.2 0
4.2 4.4 0
4.4 4.6 0
4.6 4.8 0
4.8 5 0
5 5.2 0
5.2 5.4 0
5.4 5.6 0
5.6 5.8 0
5.8 6 0
6 6.2 0
6.2 6.4 0
6.4 6.6 0
6.6 6.8 0
6.8 7 0
7 7.2 0
7.2 7.4 0
7.4 7.6 0
7.6 7.8 0
7.8 8 0
