-8 -7.8 0
-7.8 -7.6 0
-7.6 -7.4 0
-7.4 -7.2 0
-7.2 -7 0
-7 -6.8 0
-6.8 -6.6 0
-6.6 -6.4 0
-6.4 -6.2 0
-6.2 -6 0
-6 -5.8 0
-5.8 -5.6 0
-5.6 -5.4 0
-5.4 -5.2 0
-5.2 -5 1
-5 -4.8 1
-4.8 -4.6 0
-4.6 -4.4 0
-4.4 -4.2 1
-4.2 -4 0
-4 -3.8 0
-3.8 -3.6 0
-3.6 -3.4 1
-3.4 -3.2 0
-3.2 -3 1
-3 -2.8 0
-2.8 -2.6 2
-2.6 -2.4 2
-2.4 -2.2 5
-2.2 -2 1
-2 -1.8 7
-1.8 -1.6 4
-1.6 -1.4 7
-1.4 -1.2 14
-1.2 -1 19
-1 -0.8 38
-0.8 -0.6 93
-0.6 -0.4 151
-0.4 -0.2 387
-0.2 0 1198
0 0.2 821
0.2 0.4 313
0.4 0.6 125
0.6 0.8 68
0.8 1 24
1 1.2 22
1.2 1.4 4
1.4 1.6 13
1.6 1.8 5
1.8 2 4
2 2.2 5
2.2 2.4 2
2.4 2.6 1
2.6 2.8 2
2.8 3 1
3 3.2 0
3.2 3.4 2
3.4 3.6 1
3.6 3.8 0
3.8 4 0
4 4.2 2
4.2 4.4 0
4.4 4.6 1
4.6 4.8 0
4.8 5 1
5 5.2 0
5.2 5.4 0
5.4 5.6 0
5.6 5.8 0
5.8 6 0
6 6.2 0
6.2 6.4 0
6.4 6.6 0
6.6 6.8 0
6.8 7 0
7 7.2 0
7.2 7.4 0
7.4 7.6 0
7.6 7.8 0
7.8 8 0
