-8 -7.8 3
-7.8 -7.6 3
-7.6 -7.4 12
-7.4 -7.2 6
-7.2 -7 15
-7 -6.8 27
-6.8 -6.6 178
-6.6 -6.4 0
-6.4 -6.2 0
-6.2 -6 0
-6 -5.8 0
-5.8 -5.6 418
-5.6 -5.4 0
-5.4 -5.2 0
-5.2 -5 479
-5 -4.8 0
-4.8 -4.6 513
-4.6 -4.4 0
-4.4 -4.2 587
-4.2 -4 652
-4 -3.8 1013
-3.8 -3.6 1218
-3.6 -3.4 953
-3.4 -3.2 550
-3.2 -3 662
-3 -2.8 396
-2.8 -2.6 323
-2.6 -2.4 250
-2.4 -2.2 290
-2.2 -2 196
-2 -1.8 233
-1.8 -1.6 166
-1.6 -1.4 174
-1.4 -1.2 172
-1.2 -1 111
-1 -0.8 158
-0.8 -0.6 102
-0.6 -0.4 108
-0.4 -0.2 115
-0.2 0 71
0 0.2 97
0.2 0.4 79
0.4 0.6 44
0.6 0.8 29
0.8 1 30
1 1.2 21
1.2 1.4 17
1.4 1.6 16
1.6 1.8 16
1.8 2 9
2 2.2 8
2.2 2.4 10
2.4 2.6 6
2.6 2.8 5
2.8 3 5
3 3.2 6
3.2 3.4 2
3.4 3.6 4
3.6 3.8 3
3.8 4 7
4 4.2 0
4.2 4.4 4
4.4 4.6 5
4.6 4.8 4
4.8 5 0
5 5.2 3
5.2 5.4 3
5.4 5.6 2
5.6 5.8 1
5.8 6 1
6 6.2 0
6.2 6.4 1
6.4 6.6 0
6.6 6.8 0
6.8 7 0
7 7.2 0
7.2 7.4 0
7.4 7.6 0
7.6 7.8 0
7.8 8 0
