-8 -7.8 16
-7.8 -7.6 16
-7.6 -7.4 14
-7.4 -7.2 25
-7.2 -7 34
-7 -6.8 46
-6.8 -6.6 248
-6.6 -6.4 0
-6.4 -6.2 0
-6.2 -6 0
-6 -5.8 0
-5.8 -5.6 399
-5.6 -5.4 0
-5.4 -5.2 0
-5.2 -5 401
-5 -4.8 0
-4.8 -4.6 358
-4.6 -4.4 0
-4.4 -4.2 283
-4.2 -4 290
-4 -3.8 211
-3.8 -3.6 200
-3.6 -3.4 196
-3.4 -3.2 169
-3.2 -3 351
-3 -2.8 416
-2.8 -2.6 720
-2.6 -2.4 1141
-2.4 -2.2 1077
-2.2 -2 622
-2 -1.8 533
-1.8 -1.6 424
-1.6 -1.4 430
-1.4 -1.2 300
-1.2 -1 200
-1 -0.8 199
-0.8 -0.6 120
-0.6 -0.4 97
-0.4 -0.2 79
-0.2 0 68
0 0.2 67
0.2 0.4 54
0.4 0.6 43
0.6 0.8 44
0.8 1 19
1 1.2 13
1.2 1.4 23
1.4 1.6 15
1.6 1.8 11
1.8 2 14
2 2.2 6
2.2 2.4 9
2.4 2.6 5
2.6 2.8 3
2.8 3 3
3 3.2 5
3.2 3.4 3
3.4 3.6 2
3.6 3.8 3
3.8 4 4
4 4.2 4
4.2 4.4 2
4.4 4.6 0
4.6 4.8 0
4.8 5 2
5 5.2 2
5.2 5.4 2
5.4 5.6 2
5.6 5.8 3
5.8 6 0
6 6.2 0
6.2 6.4 0
6.4 6.6 0
6.6 6.8 0
6.8 7 3
7 7.2 1
7.2 7.4 0
7.4 7.6 0
7.6 7.8 0
7.8 8 0
